123 456
1 2
1 2
1 2
1 3
2 3
3 4
3 2
3 4
3 4
3 5
4 5
5 3
4 5
4 5
5 6
6 1
7 8
8 7
9 10
9 16
10 1
10 9
11 115
11 115
11 115
11 115
11 115
11 115
11 115
12 13
13 112
13 21
14 123
14 123
14 123
14 123
15 104
16 19
17 33
18 17
19 14
20 18
21 20
22 15
23 22
24 23
25 24
26 75
27 35
28 25
29 28
30 29
31 30
32 31
33 27
33 34
33 34
34 27
34 35
35 12
35 36
36 37
37 38
38 26
38 39
39 40
40 41
41 42
42 36
42 43
42 51
43 44
44 45
45 46
46 47
47 48
48 49
48 50
49 50
50 51
51 50
51 50
51 52
51 52
51 52
51 52
51 52
51 52
51 52
51 52
51 52
51 52
51 52
51 52
51 52
51 52
51 52
51 52
51 52
51 52
51 52
51 52
51 52
51 52
51 52
51 52
51 52
51 52
51 52
51 52
51 52
51 52
51 52
51 52
51 52
51 52
51 52
51 52
51 52
51 52
51 52
51 52
51 52
51 52
51 52
52 51
52 51
52 51
52 53
52 53
52 53
52 53
52 53
52 53
52 53
52 53
52 53
52 53
52 53
52 53
52 53
52 53
52 53
52 53
52 53
52 53
52 53
52 53
52 53
52 53
52 53
52 53
54 53
54 53
53 54
53 54
53 54
53 54
53 54
53 54
53 54
53 54
53 54
53 54
53 54
53 54
53 54
53 54
53 54
53 54
54 55
54 55
54 55
54 55
54 55
54 55
54 55
54 55
54 55
55 56
56 57
56 57
56 57
56 57
56 57
56 57
56 57
56 57
56 57
56 59
57 58
57 58
57 58
57 58
57 58
57 58
58 59
58 59
58 59
58 59
58 59
58 59
58 59
59 60
59 60
59 60
59 60
59 64
59 64
59 64
59 64
59 64
59 64
59 64
59 64
59 64
60 61
60 61
60 61
60 61
60 61
60 61
60 61
60 61
60 61
61 62
62 63
63 64
64 65
64 66
65 66
66 67
66 72
67 68
67 68
68 69
69 70
70 71
71 72
72 73
72 73
73 74
73 74
73 74
73 74
73 74
74 42
74 75
75 76
75 76
76 77
76 77
77 78
77 78
77 78
77 78
77 78
77 78
78 79
78 79
78 79
78 79
78 79
78 79
78 79
78 79
78 79
78 79
79 80
79 80
79 80
79 80
79 80
79 80
79 80
79 80
79 80
79 80
80 19
80 19
80 19
80 19
80 19
80 81
80 81
80 81
80 81
80 81
80 82
80 82
80 82
80 82
80 82
81 82
81 82
81 82
81 82
81 82
82 83
82 83
82 83
82 83
82 83
82 84
82 84
82 84
82 84
82 84
83 84
83 84
83 84
83 84
83 84
84 85
84 85
84 85
84 85
84 85
84 86
84 86
84 86
84 86
84 86
85 86
85 86
85 86
85 86
85 86
85 86
85 86
85 86
85 86
85 86
85 86
85 86
85 86
85 86
85 86
85 86
85 86
85 86
85 86
85 86
85 86
85 86
85 86
85 86
85 86
85 86
85 86
85 86
85 86
85 86
86 87
86 87
86 87
86 87
86 87
86 88
86 88
86 88
86 88
86 88
87 88
87 88
87 88
87 88
87 88
88 89
88 89
88 89
88 89
88 89
88 90
88 90
88 90
88 90
88 90
89 90
89 90
89 90
89 90
89 90
90 91
90 91
90 91
90 91
90 91
90 92
90 92
90 92
90 92
90 92
91 22
91 92
92 26
92 93
93 14
93 94
94 95
95 96
96 97
97 98
98 99
99 100
100 93
100 93
100 93
100 93
100 93
100 93
100 93
101 13
102 32
103 102
104 103
105 119
106 105
107 101
108 107
109 108
110 109
111 106
112 110
114 118
115 116
115 117
116 117
117 118
117 120
118 119
118 122
118 122
118 122
118 122
118 122
118 122
118 122
118 122
119 114
119 120
119 33
120 11
120 121
121 122
122 123
122 123
123 10
123 10
123 10
123 10
123 121
123 121
123 121
123 121
123 121
